votes.txt
12     607194     10238
18     474160      9035
20     323510      6479
3      143830       649
13     118484       813
23      70830       872
11      30310       389
15      22992       501
1       22421       322
2       21315       308
14      20906       582
27      20319       400
10      16759       387
4        9320       219
16       7130       314
19       6136       234
5        6051       183
7        4222       139
24       4141       137
26       3907       128
21       3731       197
25       3548       104
6        3500       133
8        2925       104
17       2425       217
22       2370       146
9        1855       116
votes_mv.txt (общо гласове машинно гласуване)
12      45868         0
18      35125         0
13      17690         0
3       16761         0
20       8446         0
23       5676         0
11       4116         0
2        2983         0
27       2284         0
15       2230         0
10       1881         0
1        1636         0
14       1578         0
4        1267         0
5         870         0
19        773         0
6         639         0
7         464         0
25        442         0
24        440         0
8         308         0
17        285         0
9         257         0
16        242         0
21        231         0
26        220         0
22        143         0
Общо гласове в секции с машинно гласуване (б+м):
12     181976      2564
18     141579      2302
20      86922      1721
3       44909       155
13      35847       163
23      20813       204
11       9270        91
15       7184       127
1        6712        84
2        6650        71
14       6147       155
27       6017        87
10       5524       106
4        2934        61
16       1917        75
5        1876        36
19       1845        62
7        1343        36
6        1200        36
24       1170        39
26       1154        38
21       1094        53
25       1057        29
8         884        22
17        798        54
22        676        31
9         645        30
